[gd_scene load_steps=55 format=3 uid="uid://b51qillnxp84r"]

[ext_resource type="Script" path="res://level/level.gd" id="1"]
[ext_resource type="VoxelGIData" uid="uid://bw86lhn5p1ovp" path="res://level/geometry/giprobe_data.res" id="5"]
[ext_resource type="AudioStream" uid="uid://vxxm8xm1fr6y" path="res://level/level_music.ogg" id="8"]
[ext_resource type="Script" path="res://level/debug.gd" id="9"]
[ext_resource type="PackedScene" uid="uid://bdjp76ldyj0uo" path="res://level/geometry/props/scenes/tripodlight.tscn" id="11_2tqoo"]
[ext_resource type="CompressedTexture3D" uid="uid://b2x2pkclq230n" path="res://level/level.GPUParticlesCollisionSDF3D_data.exr" id="11_mt3nw"]
[ext_resource type="PackedScene" uid="uid://dln4kthc3tvfv" path="res://level/forklift/flying_forklift.tscn" id="12"]
[ext_resource type="PackedScene" uid="uid://ysmp1lsygse0" path="res://level/geometry/props/scenes/fireextinguisher.tscn" id="12_w13kw"]
[ext_resource type="PackedScene" uid="uid://dgvowmn3iop44" path="res://level/geometry/scenes/lights.tscn" id="13"]
[ext_resource type="PackedScene" uid="uid://diouv806rdt2e" path="res://level/geometry/props/scenes/cargobox_2.tscn" id="13_m0bic"]
[ext_resource type="PackedScene" uid="uid://dsd42m2gj8inx" path="res://level/geometry/props/scenes/floodlight.tscn" id="13_p5e52"]
[ext_resource type="PackedScene" uid="uid://ddbnmy6um5fjg" path="res://level/geometry/scenes/core.tscn" id="14"]
[ext_resource type="PackedScene" uid="uid://bh1lh032pmey2" path="res://level/geometry/scenes/structure.tscn" id="15"]
[ext_resource type="PackedScene" uid="uid://5w4wgju1it5d" path="res://level/geometry/props/scenes/barrier.tscn" id="15_0yd4o"]
[ext_resource type="Environment" uid="uid://cnn46umvf55rs" path="res://level/geometry/environment.tres" id="16"]
[ext_resource type="PackedScene" uid="uid://c84i44q6ksy01" path="res://level/geometry/props/scenes/gastriple.tscn" id="16_tqoy0"]
[ext_resource type="PackedScene" uid="uid://bcsr1ui0wvfxs" path="res://level/geometry/props/scenes/container_3.tscn" id="17_85f2m"]
[ext_resource type="PackedScene" uid="uid://b1wakck1ejanm" path="res://level/geometry/props/scenes/container_4_bare_1.tscn" id="18_ifyny"]
[ext_resource type="PackedScene" uid="uid://gw4thy60vpnx" path="res://level/geometry/props/scenes/transit_barrier_direction.tscn" id="19_xw3d4"]
[ext_resource type="PackedScene" uid="uid://y6881yjk13tr" path="res://level/geometry/props/scenes/transit_barrier_direction_lights.tscn" id="20_1bnbh"]
[ext_resource type="PackedScene" uid="uid://cda4a135igsm8" path="res://level/geometry/props/scenes/container_2.tscn" id="21_2muik"]
[ext_resource type="PackedScene" uid="uid://dsgk66ue88wbk" path="res://level/geometry/props/scenes/barrel_large.tscn" id="21_bkl7v"]
[ext_resource type="PackedScene" uid="uid://c5u6p22vinw80" path="res://level/geometry/props/scenes/cargobox_5b.tscn" id="22_lbev7"]
[ext_resource type="PackedScene" uid="uid://d2khoecnjf2vd" path="res://level/geometry/props/scenes/transit_barrier_direction_reverse.tscn" id="23_7l4io"]
[ext_resource type="PackedScene" uid="uid://c0i63c332f4u3" path="res://level/geometry/props/scenes/barrelcart.tscn" id="23_ccwjh"]
[ext_resource type="PackedScene" uid="uid://nx2m4cfl52dd" path="res://level/geometry/props/scenes/cargolift.tscn" id="25_5f13y"]
[ext_resource type="PackedScene" uid="uid://cffl43tku2jdv" path="res://level/geometry/props/scenes/pellet.tscn" id="26_dki5l"]
[ext_resource type="PackedScene" uid="uid://c677xrb2wpoed" path="res://level/geometry/props/scenes/combined_scenes/tank_with_hoses.tscn" id="27_8i533"]
[ext_resource type="PackedScene" uid="uid://dxs41si86121g" path="res://level/geometry/props/scenes/steel_beam.tscn" id="28_ec51a"]
[ext_resource type="PackedScene" uid="uid://r17ikc70m4qd" path="res://level/geometry/props/scenes/combined_scenes/container_4_bare_with_beams.tscn" id="29_lalbb"]
[ext_resource type="PackedScene" uid="uid://c4n1r8rwx2l3q" path="res://level/geometry/props/scenes/combined_scenes/container_4_bare_with_pipes.tscn" id="30_uyaxh"]
[ext_resource type="PackedScene" uid="uid://256ga4o6qe5" path="res://level/geometry/props/scenes/largepipe.tscn" id="31_sw74k"]
[ext_resource type="PackedScene" uid="uid://cy4tvovkqyocb" path="res://level/geometry/props/scenes/wheel_stop.tscn" id="32_p06gp"]
[ext_resource type="PackedScene" uid="uid://1s1w0bp4einf" path="res://level/geometry/props/scenes/container_4_top_bottom.tscn" id="33_wqjs4"]
[ext_resource type="PackedScene" uid="uid://d3ck7qppyw05i" path="res://level/geometry/props/scenes/small_box_4.tscn" id="34_q818y"]
[ext_resource type="PackedScene" uid="uid://bd1hil70xwqmo" path="res://level/geometry/props/train.glb" id="34_vle8v"]
[ext_resource type="PackedScene" uid="uid://dmg6vuuh2qa2q" path="res://level/geometry/props/scenes/small_box_2.tscn" id="35_b11rx"]
[ext_resource type="PackedScene" uid="uid://bs12o3r7ro6gg" path="res://level/geometry/props/scenes/small_box_1.tscn" id="36_cwodh"]
[ext_resource type="PackedScene" uid="uid://b4thh5qmx4w5e" path="res://level/geometry/props/scenes/lightstick.tscn" id="37_a04yi"]
[ext_resource type="PackedScene" uid="uid://cmjhr1s2efd04" path="res://level/geometry/props/scenes/search_light_small.tscn" id="38_6mna5"]
[ext_resource type="PackedScene" uid="uid://tfr52c4ea5pp" path="res://level/geometry/props/scenes/barrel_small.tscn" id="38_d2pmp"]
[ext_resource type="PackedScene" uid="uid://bwkwai7seawgn" path="res://level/geometry/props/scenes/container_4_bare_2.tscn" id="39_ix8tk"]
[ext_resource type="PackedScene" uid="uid://ckpgmgobx7j6k" path="res://level/geometry/props/scenes/SciFi Car/sci_fi_car.tscn" id="39_pn0ng"]
[ext_resource type="PackedScene" uid="uid://b85ysfigalfo" path="res://level/geometry/props/scenes/cargobox_1b.tscn" id="39_vnddo"]
[ext_resource type="PackedScene" uid="uid://befsc84qn03jj" path="res://level/geometry/props/scenes/cargobox_1a_large.tscn" id="40_3q8qq"]
[ext_resource type="PackedScene" uid="uid://ceg6lcpa85o30" path="res://level/geometry/props/scenes/cargobox_3.tscn" id="41_wlgon"]
[ext_resource type="PackedScene" uid="uid://b3l1pi6ki7ne4" path="res://level/geometry/props/scenes/cargobox_4.tscn" id="42_fgusw"]
[ext_resource type="PackedScene" uid="uid://bcw7g6orhdn22" path="res://level/geometry/props/scenes/box.tscn" id="45_l2vtd"]
[ext_resource type="PackedScene" uid="uid://c2jkfg6r5ple2" path="res://level/geometry/props/scenes/greeble_machine.tscn" id="46_ydevc"]
[ext_resource type="PackedScene" uid="uid://ci341rr51gf45" path="res://level/geometry/props/scenes/combined_scenes/container_4_bare_1_greeble_machine.tscn" id="47_uinj7"]
[ext_resource type="PackedScene" uid="uid://bbehv0uclnwmf" path="res://level/geometry/props/scenes/reactorc_cylinder.tscn" id="50_n7xg5"]

[sub_resource type="CapsuleShape3D" id="1"]
radius = 39.0126
height = 78.0251

[sub_resource type="Animation" id="2"]
resource_name = "mawaru"
length = 30.0
loop_mode = 1
tracks/0/type = "value"
tracks/0/imported = false
tracks/0/enabled = true
tracks/0/path = NodePath(".:rotation_degrees")
tracks/0/interp = 1
tracks/0/loop_wrap = true
tracks/0/keys = {
"times": PackedFloat32Array(0, 30),
"transitions": PackedFloat32Array(1, 1),
"update": 0,
"values": [Vector3(0, 0, 0), Vector3(0, -360, 0)]
}

[sub_resource type="AnimationLibrary" id="AnimationLibrary_35gwb"]
_data = {
"mawaru": SubResource("2")
}

[node name="Level" type="Node3D"]
script = ExtResource("1")

[node name="SpawnedNodes" type="Node3D" parent="."]

[node name="RobotSpawnpoints" type="Node3D" parent="."]

[node name="Marker3D1" type="Marker3D" parent="RobotSpawnpoints"]
transform = Transform3D(0.843905, 0, -0.536493, 0, 1, 0, 0.536493, 0, 0.843905, 71.5907, -6.05686, 46.2736)

[node name="Marker3D2" type="Marker3D" parent="RobotSpawnpoints"]
transform = Transform3D(0.338334, 0, 0.941027, 0, 1, 0, -0.941027, 0, 0.338334, 53.2126, -6.05686, 15.9321)

[node name="Marker3D3" type="Marker3D" parent="RobotSpawnpoints"]
transform = Transform3D(-0.164432, 0, 0.986389, 0, 1, 0, -0.986389, 0, -0.164432, -2.96096, -11.6923, 20.2343)

[node name="Marker3D4" type="Marker3D" parent="RobotSpawnpoints"]
transform = Transform3D(-0.164432, 0, 0.986389, 0, 1, 0, -0.986389, 0, -0.164432, -9.15526, -11.6923, -16.9238)

[node name="PlayerSpawnpoints" type="Node3D" parent="."]

[node name="Marker3D1" type="Marker3D" parent="PlayerSpawnpoints"]
transform = Transform3D(-0.575826, 0, -0.817573, 0, 1, 0, 0.817573, 0, -0.575826, 64.8183, -1.0765, 78.7639)

[node name="Marker3D2" type="Marker3D" parent="PlayerSpawnpoints"]
transform = Transform3D(-0.575826, 0, -0.817573, 0, 1, 0, 0.817573, 0, -0.575826, 64.818, -1.077, 80.764)

[node name="Marker3D3" type="Marker3D" parent="PlayerSpawnpoints"]
transform = Transform3D(-0.575826, 0, -0.817573, 0, 1, 0, 0.817573, 0, -0.575826, 64.818, -1.077, 76.764)

[node name="Marker3D4" type="Marker3D" parent="PlayerSpawnpoints"]
transform = Transform3D(-0.575826, 0, -0.817573, 0, 1, 0, 0.817573, 0, -0.575826, 64.818, -1.077, 74.764)

[node name="Props" type="Node3D" parent="."]

[node name="Cargobox2" parent="Props" instance=ExtResource("13_m0bic")]
transform = Transform3D(0.707033, 0, 0.707181, 0, 1, 0, -0.707181, 0, 0.707033, 24.9594, -1.13222, 98.5345)

[node name="Barrier" parent="Props" instance=ExtResource("15_0yd4o")]
transform = Transform3D(0.955449, 0, 0.295158, 0, 1, 0, -0.295158, 0, 0.955449, 69.008, -1.06202, 74.8363)

[node name="Barrier3" parent="Props" instance=ExtResource("15_0yd4o")]
transform = Transform3D(0.755385, 0, -0.655282, 0, 1, 0, 0.655282, 0, 0.755385, 75.5222, -1.06202, 67.8635)

[node name="Barrier2" parent="Props" instance=ExtResource("15_0yd4o")]
transform = Transform3D(0.718151, 0, -0.695888, 0, 1, 0, 0.695888, 0, 0.718151, 67.2876, -1.06202, 71.0472)

[node name="Container3" parent="Props" instance=ExtResource("17_85f2m")]
transform = Transform3D(-0.541445, 0, 0.840737, 0, 1, 0, -0.840737, 0, -0.541445, 52.995, -6.40018, 74.6601)

[node name="Container4Bare1" parent="Props" instance=ExtResource("18_ifyny")]
transform = Transform3D(0.467837, 0, -0.883815, 0, 1, 0, 0.883815, 0, 0.467837, 47.7639, -1.2, 89.8483)

[node name="TransitBarrierDirection" parent="Props" instance=ExtResource("19_xw3d4")]
transform = Transform3D(-0.921708, 0, 0.387886, 0, 1, 0, -0.387886, 0, -0.921708, 73.268, -6.39177, 24.7147)

[node name="TransitBarrierDirection2" parent="Props" instance=ExtResource("19_xw3d4")]
transform = Transform3D(-0.495352, 0, 0.868692, 0, 1, 0, -0.868692, 0, -0.495352, 75.234, -6.39177, 25.5977)

[node name="TransitBarrierDirectionLights" parent="Props" instance=ExtResource("20_1bnbh")]
transform = Transform3D(0.0309223, 0, 0.999522, 0, 1, 0, -0.999522, 0, 0.0309223, 76.2287, -6.39177, 27.4717)

[node name="Container2" parent="Props" instance=ExtResource("21_2muik")]
transform = Transform3D(1, 0, 0, 0, 1, 0, 0, 0, 1, 84.2947, -6.40018, 15.872)

[node name="Container4" parent="Props" instance=ExtResource("21_2muik")]
transform = Transform3D(-0.182699, 0, 0.983169, 0, 1, 0, -0.983169, 0, -0.182699, 18.8116, -1.2, 99.4612)

[node name="PropPropContainer2Door1" parent="Props/Container4" index="1"]
transform = Transform3D(0.880891, 0, -0.47332, 0, 1, 0, 0.47332, 0, 0.880891, -1.21357, 1.55, 2.953)

[node name="BarrelLarge2" parent="Props" instance=ExtResource("21_bkl7v")]
transform = Transform3D(0.983376, 0, 0.181583, 0, 1, 0, -0.181583, 0, 0.983376, 19.274, -1.17352, 95.6588)

[node name="BarrelLarge3" parent="Props" instance=ExtResource("21_bkl7v")]
transform = Transform3D(0.983376, 0, 0.181583, 0, 1, 0, -0.181583, 0, 0.983376, 19.4994, -1.17352, 96.8797)

[node name="BarrelLarge4" parent="Props" instance=ExtResource("21_bkl7v")]
transform = Transform3D(0.867331, 0, -0.497731, 0, 1, 0, 0.497731, 0, 0.867331, 19.3897, 0.58644, 96.2859)

[node name="Cargobox5b" parent="Props" instance=ExtResource("22_lbev7")]
transform = Transform3D(0.985175, 0, 0.171551, 0, 1, 0, -0.171551, 0, 0.985175, 17.5127, -1.2, 96.6267)

[node name="Cargobox5b2" parent="Props" instance=ExtResource("22_lbev7")]
transform = Transform3D(0.974358, 0, 0.225002, 0, 1, 0, -0.225002, 0, 0.974358, 17.5011, -0.125001, 96.576)

[node name="Cargobox5b3" parent="Props" instance=ExtResource("22_lbev7")]
transform = Transform3D(0.993369, 0, 0.114972, 0, 1, 0, -0.114972, 0, 0.993369, 17.5056, 0.949999, 96.5646)

[node name="Barrelcart" parent="Props" instance=ExtResource("23_ccwjh")]
transform = Transform3D(0.932589, 0, -0.360941, 0, 1, 0, 0.360941, 0, 0.932589, 31.5652, -6.4, 86.2343)

[node name="BarrelLarge" parent="Props" instance=ExtResource("21_bkl7v")]
transform = Transform3D(1, 0, 0, 0, 1, 0, 0, 0, 1, 32.9013, -6.4, 85.9054)

[node name="Gastriple2" parent="Props" instance=ExtResource("16_tqoy0")]
transform = Transform3D(1, 0, 0, 0, 1, 0, 0, 0, 1, 36.7078, -6.4, 85.71)

[node name="Cargolift" parent="Props" instance=ExtResource("25_5f13y")]
transform = Transform3D(-0.251495, 0, 0.967859, 0, 1, 0, -0.967859, 0, -0.251495, 33.701, -6.4, 84.1502)

[node name="Pellet" parent="Props/Cargolift" instance=ExtResource("26_dki5l")]
transform = Transform3D(-0.999666, 0, 0.0258455, 0, 1, 0, -0.0258455, 0, -0.999666, -0.0612793, 0.17565, 1.47154)

[node name="TankWithHoses" parent="Props" instance=ExtResource("27_8i533")]
transform = Transform3D(0.755773, 0, 0.654833, 0, 1, 0, -0.654833, 0, 0.755773, 37.5029, -6.4, 84.2821)

[node name="SteelBeam" parent="Props" instance=ExtResource("28_ec51a")]
transform = Transform3D(0.521501, 0, -0.853251, 0, 1, 0, 0.853251, 0, 0.521501, 45.6115, -6.4, 78.1559)

[node name="Container4BareWithBeams" parent="Props" instance=ExtResource("29_lalbb")]
transform = Transform3D(-0.409812, 0, 0.91217, 0, 1, 0, -0.91217, 0, -0.409812, 14.333, -6.4, 90.4342)

[node name="Container4BareWithPipes" parent="Props" instance=ExtResource("30_uyaxh")]
transform = Transform3D(0.546906, 0, -0.837194, 0, 1, 0, 0.837194, 0, 0.546906, 46.4848, -6.4, 79.7305)

[node name="Largepipe" parent="Props" instance=ExtResource("31_sw74k")]
transform = Transform3D(0.439453, 0, -0.898265, 0, 1, 0, 0.898265, 0, 0.439453, 41.6358, -5.96009, 83.3811)
freeze = true

[node name="Largepipe2" parent="Props" instance=ExtResource("31_sw74k")]
transform = Transform3D(0.439453, 0, -0.898265, 0, 1, 0, 0.898265, 0, 0.439453, 41.2117, -5.96009, 82.5746)
freeze = true

[node name="Largepipe3" parent="Props" instance=ExtResource("31_sw74k")]
transform = Transform3D(0.439453, 0, -0.898265, 0, 1, 0, 0.898265, 0, 0.439453, 41.3797, -5.20408, 83.0111)
freeze = true

[node name="WheelStop" parent="Props" instance=ExtResource("32_p06gp")]
transform = Transform3D(-0.896061, 0, -0.443932, 0, 1, 0, 0.443932, 0, -0.896061, 39.819, -6.4, 83.0982)

[node name="WheelStop2" parent="Props" instance=ExtResource("32_p06gp")]
transform = Transform3D(-0.891426, 0, -0.453166, 0, 1, 0, 0.453166, 0, -0.891426, 42.3139, -6.4, 81.878)

[node name="Pellet" parent="Props" instance=ExtResource("26_dki5l")]
transform = Transform3D(0.098803, -0.239596, -0.965832, 0.826867, 0.559772, -0.0542766, 0.55365, -0.793252, 0.253421, 21.2013, -5.54903, 92.0629)
freeze = true

[node name="Pellet2" parent="Props" instance=ExtResource("26_dki5l")]
transform = Transform3D(0.111595, -0.233912, -0.965832, 0.795438, 0.603599, -0.0542766, 0.595672, -0.762202, 0.253421, 21.238, -5.65119, 91.608)
freeze = true

[node name="Pellet3" parent="Props" instance=ExtResource("26_dki5l")]
transform = Transform3D(-0.965832, -0.233912, -0.111595, -0.0542765, 0.603599, -0.795438, 0.253421, -0.762202, -0.595672, 21.209, -5.26926, 91.5791)
freeze = true

[node name="Container4TopBottom" parent="Props" instance=ExtResource("33_wqjs4")]
transform = Transform3D(0.707107, 0, -0.707107, 0, 1, 0, 0.707107, 0, 0.707107, 73.4, -1.2, 64.9681)

[node name="Container5" parent="Props" instance=ExtResource("21_2muik")]
transform = Transform3D(0.961885, 0, -0.273456, 0, 1, 0, 0.273456, 0, 0.961885, 80.5477, -1.2, 60.0448)

[node name="Fireextinguisher" parent="Props" instance=ExtResource("12_w13kw")]
transform = Transform3D(-0.726575, 0.293632, -0.621184, 0, 0.904082, 0.427358, 0.687087, 0.310507, -0.656883, 64.5641, -4.41988, 69.3465)

[node name="Container6" parent="Props" instance=ExtResource("21_2muik")]
transform = Transform3D(-0.822988, 0, 0.568059, 0, 1, 0, -0.568059, 0, -0.822988, 74.8289, -6.40018, 51.912)

[node name="Container7" parent="Props" instance=ExtResource("17_85f2m")]
transform = Transform3D(0.75377, 0, -0.657138, 0, 1, 0, 0.657138, 0, 0.75377, 70.1978, -6.40018, 58.4088)

[node name="Pellet4" parent="Props" instance=ExtResource("26_dki5l")]
transform = Transform3D(0.621626, -0.741073, 0.253755, 9.30385e-09, 0.32395, 0.946074, -0.783314, -0.588105, 0.201376, 67.5901, -4.90312, 58.4573)

[node name="TransitBarrierDirectionReverse4" parent="Props" instance=ExtResource("23_7l4io")]
transform = Transform3D(0.974952, 0, -0.222417, 0, 1, 0, 0.222417, 0, 0.974952, 77.0569, -6.3, 20.2336)

[node name="TransitBarrierDirectionReverse3" parent="Props" instance=ExtResource("23_7l4io")]
transform = Transform3D(0.985199, 0, 0.171413, 0, 1, 0, -0.171413, 0, 0.985199, 79.1995, -6.3, 19.8608)

[node name="TransitBarrierDirectionReverse2" parent="Props" instance=ExtResource("23_7l4io")]
transform = Transform3D(0.8412, 0, 0.540725, 0, 1, 0, -0.540725, 0, 0.8412, 80.9998, -6.3, 18.7036)

[node name="TransitBarrierDirectionReverse" parent="Props" instance=ExtResource("23_7l4io")]
transform = Transform3D(0.627216, 0, 0.778846, 0, 1, 0, -0.778846, 0, 0.627216, 82.3727, -6.3, 16.9989)

[node name="Fireextinguisher2" parent="Props" instance=ExtResource("12_w13kw")]
transform = Transform3D(-0.940065, 0.112681, -0.321842, -0.0298479, 0.913012, 0.406839, 0.339688, 0.392061, -0.854926, 33.5966, -4.52604, 88.5458)

[node name="Fireextinguisher3" parent="Props" instance=ExtResource("12_w13kw")]
transform = Transform3D(-0.842913, 0, -0.53805, 0, 1, 0, 0.53805, 0, -0.842913, 58.629, 0.84997, 84.4244)

[node name="Floodlight" parent="Props" instance=ExtResource("13_p5e52")]
transform = Transform3D(0.937774, 0, 0.347246, 0, 1, 0, -0.347246, 0, 0.937774, 79.1483, -6.38596, 18.3333)

[node name="Floodlight3" parent="Props" instance=ExtResource("13_p5e52")]
transform = Transform3D(0.983328, 0, 0.181841, -1.49012e-08, 1, -2.98023e-08, -0.181841, 0, 0.983328, -13.6012, -12.4, -19.9772)

[node name="Floodlight2" parent="Props" instance=ExtResource("13_p5e52")]
transform = Transform3D(0.756037, 0, 0.654529, 0, 1, 0, -0.654529, 0, 0.756037, 74.5108, -6.38596, 30.2612)

[node name="SmallBox4" parent="Props" instance=ExtResource("34_q818y")]
transform = Transform3D(1, 0, 0, 0, 1, 0, 0, 0, 1, 61.7024, -1.2, 74.4271)

[node name="SmallBox2" parent="Props" instance=ExtResource("35_b11rx")]
transform = Transform3D(0.704188, 0, 0.710013, 0, 1, 0, -0.710013, 0, 0.704188, 63.6044, -1.2, 72.8409)

[node name="SmallBox1" parent="Props" instance=ExtResource("36_cwodh")]
transform = Transform3D(0.681079, 0, 0.73221, 0, 1, 0, -0.73221, 0, 0.681079, 60.2154, -1.18831, 75.3068)

[node name="SmallBox5" parent="Props" instance=ExtResource("36_cwodh")]
transform = Transform3D(0.717713, 0, 0.696339, 0, 1, 0, -0.696339, 0, 0.717713, 60.4967, -0.688309, 75.0244)

[node name="SmallBox3" parent="Props" instance=ExtResource("36_cwodh")]
transform = Transform3D(0.776223, 0, 0.630459, 0, 1, 0, -0.630459, 0, 0.776223, 60.7772, -1.18831, 74.756)

[node name="Lightstick" parent="Props" instance=ExtResource("37_a04yi")]
transform = Transform3D(1, 0, 0, 0, 1, 0, 0, 0, 1, 61.3001, -1.21404, 74.9759)

[node name="SearchLightSmall" parent="Props" instance=ExtResource("38_6mna5")]
transform = Transform3D(0.984069, 0, 0.177789, 0, 1, 0, -0.177789, 0, 0.984069, 61.7926, -0.758246, 74.4986)

[node name="Cargobox1B" parent="Props" instance=ExtResource("39_vnddo")]
transform = Transform3D(0.633597, 0, -0.773663, 0, 1, 0, 0.773663, 0, 0.633597, 56.7374, -1.2, 78.3988)

[node name="Cargobox1B2" parent="Props" instance=ExtResource("39_vnddo")]
transform = Transform3D(0.512313, 0, -0.858799, 0, 1, 0, 0.858799, 0, 0.512313, 58.0134, -1.2, 77.4487)

[node name="Cargobox1B3" parent="Props" instance=ExtResource("39_vnddo")]
transform = Transform3D(0.55438, 0, -0.832264, 0, 1, 0, 0.832264, 0, 0.55438, 57.3629, -0.592001, 77.8821)

[node name="Cargobox1ALarge" parent="Props" instance=ExtResource("40_3q8qq")]
transform = Transform3D(-0.0286719, 0, 0.999589, 0, 1, 0, -0.999589, 0, -0.0286719, 60.6808, -1.2, 82.5767)

[node name="Cargobox3" parent="Props" instance=ExtResource("41_wlgon")]
transform = Transform3D(0.685107, 0, -0.728443, 0, 1, 0, 0.728443, 0, 0.685107, 56.2959, -1.2, 84.5004)

[node name="Cargobox4" parent="Props" instance=ExtResource("42_fgusw")]
transform = Transform3D(-0.466032, 0, 0.884768, 0, 1, 0, -0.884768, 0, -0.466032, 53.4511, -1.2, 86.2642)

[node name="Cargobox6" parent="Props" instance=ExtResource("42_fgusw")]
transform = Transform3D(-0.505055, 0, 0.863087, 0, 1, 0, -0.863087, 0, -0.505055, 52.5552, -0.483333, 86.7885)

[node name="Cargobox5" parent="Props" instance=ExtResource("42_fgusw")]
transform = Transform3D(-0.465028, 0, 0.885296, 0, 1, 0, -0.885296, 0, -0.465028, 51.671, -1.2, 87.2891)

[node name="GreebleMachine" parent="Props" instance=ExtResource("46_ydevc")]
transform = Transform3D(-2.98023e-08, 0.579381, 0.815057, 1, 3.08325e-09, -3.47965e-08, -2.98023e-08, 0.815057, -0.579381, 52.2265, -0.0133601, 81.9353)

[node name="Container4Bare2" parent="Props" instance=ExtResource("47_uinj7")]
transform = Transform3D(-0.404296, 0, 0.914628, 0, 1, 0, -0.914628, 0, -0.404296, 40.7897, -1.2, 92.7676)

[node name="Box" parent="Props" instance=ExtResource("45_l2vtd")]
transform = Transform3D(0.872573, 0, 0.488484, 0, 1, 0, -0.488484, 0, 0.872573, 60.4449, -0.199999, 75.0935)

[node name="BarrelSmall" parent="Props" instance=ExtResource("38_d2pmp")]
transform = Transform3D(0.792907, 0, -0.609343, 0, 1, 0, 0.609343, 0, 0.792907, 31.3864, -6.4, 87.485)

[node name="BarrelSmall2" parent="Props" instance=ExtResource("38_d2pmp")]
transform = Transform3D(0.657402, 0, 0.75354, 0, 1, 0, -0.75354, 0, 0.657402, 32.1177, -6.4, 87.2173)

[node name="BarrelSmall3" parent="Props" instance=ExtResource("38_d2pmp")]
transform = Transform3D(-0.807053, 0, 0.590479, 0, 1, 0, -0.590479, 0, -0.807053, 31.7548, -5.21751, 87.3775)

[node name="Container4Bare3" parent="Props" instance=ExtResource("39_ix8tk")]
transform = Transform3D(0.258819, 0, 0.965926, 0, 1, 0, -0.965926, 0, 0.258819, 89.3065, -6.23957, 15.3233)

[node name="Container4TopBottom2" parent="Props" instance=ExtResource("33_wqjs4")]
transform = Transform3D(0.067371, 0, -0.997728, 0, 1, 0, 0.997728, 0, 0.067371, 90.7219, -6.4, 2.51911)

[node name="Container8" parent="Props" instance=ExtResource("17_85f2m")]
transform = Transform3D(-0.246864, 0, 0.96905, 0, 1, 0, -0.96905, 0, -0.246864, 86.1982, -6.4, 10.0121)

[node name="Container9" parent="Props" instance=ExtResource("21_2muik")]
transform = Transform3D(-0.922012, 0, 0.387162, 0, 1, 0, -0.387162, 0, -0.922012, 90.5477, -1.2, 45.8424)

[node name="MultiplayerSpawner" type="MultiplayerSpawner" parent="."]
_spawnable_scenes = PackedStringArray("res://player/player.tscn", "res://enemies/red_robot/red_robot.tscn", "res://player/bullet/bullet.tscn")
spawn_path = NodePath("../SpawnedNodes")

[node name="Core" parent="." instance=ExtResource("14")]

[node name="Structure" parent="." instance=ExtResource("15")]

[node name="Lights" parent="." instance=ExtResource("13")]
metadata/_edit_lock_ = true

[node name="LightShaft_034" parent="Lights/Lucescontrol" index="34"]
visible = false

[node name="LightShaft_035" parent="Lights/Lucescontrol" index="35"]
visible = false

[node name="LightShaft_036" parent="Lights/Lucescontrol" index="36"]
visible = false

[node name="LightShaft_037" parent="Lights/Lucescontrol" index="37"]
visible = false

[node name="LightShaft_038" parent="Lights/Lucescontrol" index="38"]
transform = Transform3D(-0.00890048, -0.394081, 0.15529, 3.54157e-09, 0.0770238, 0.799001, -0.11852, 0.0295942, -0.0116618, 20.3507, 1.98303, 95.268)
visible = false

[node name="LightShaft_039" parent="Lights/Lucescontrol" index="39"]
visible = false

[node name="LightShaft_040" parent="Lights/Lucescontrol" index="40"]
visible = false

[node name="LightShaft_041" parent="Lights/Lucescontrol" index="41"]
visible = false

[node name="LightShaft_042" parent="Lights/Lucescontrol" index="42"]
visible = false

[node name="LightShaft_043" parent="Lights/Lucescontrol" index="43"]
visible = false

[node name="LightShaft_044" parent="Lights/Lucescontrol" index="44"]
visible = false

[node name="LightShaft_045" parent="Lights/Lucescontrol" index="45"]
visible = false

[node name="LightShaft_048" parent="Lights/Lucescontrol" index="48"]
visible = false

[node name="LightShaft_049" parent="Lights/Lucescontrol" index="49"]
visible = false

[node name="Spot_006" parent="Lights" index="6"]
visible = false

[node name="Spot_005" parent="Lights" index="7"]
visible = false

[node name="Spot_005_Orientation" parent="Lights/Spot_005" index="0"]
visible = false

[node name="Spot_003" parent="Lights" index="9"]
visible = false

[node name="Spot_003_Orientation" parent="Lights/Spot_003" index="0"]
visible = false

[node name="Spot_002_Orientation" parent="Lights/Spot_002" index="0"]
visible = false

[node name="Spot_001_Orientation" parent="Lights/Spot_001" index="0"]
visible = false

[node name="Spot_000" parent="Lights" index="12"]
visible = false

[node name="Spot_013" parent="Lights" index="13"]
visible = false

[node name="Spot_012" parent="Lights" index="14"]
visible = false

[node name="WorldEnvironment" type="WorldEnvironment" parent="."]
environment = ExtResource("16")

[node name="VoxelGI" type="VoxelGI" parent="."]
transform = Transform3D(1, 0, 0, 0, 1, 0, 0, 0, 1, -6.09263, 1.28266, 2.88598)
subdiv = 2
size = Vector3(227.892, 97.6096, 234.056)
data = ExtResource("5")

[node name="ReflectionProbes" type="Node3D" parent="."]
transform = Transform3D(1, 0, 0, 0, 1, 0, 0, 0, 1, -0.0316315, 0.30191, -0.240242)
visible = false

[node name="ReflectionProbe1" type="ReflectionProbe" parent="ReflectionProbes"]
transform = Transform3D(0.494055, 0, -0.869431, 0, 1, 0, 0.869431, 0, 0.494055, 28.1433, -18.8082, 71.0693)
size = Vector3(74.7112, 100, 166.087)
box_projection = true

[node name="ReflectionProbe2" type="ReflectionProbe" parent="ReflectionProbes"]
transform = Transform3D(0.999799, 0, -0.0200534, 0, 1, 0, 0.0200534, 0, 0.999799, 73.9972, 0, -12.2086)
size = Vector3(71.6338, 100, 129.154)
box_projection = true

[node name="ReflectionProbe3" type="ReflectionProbe" parent="ReflectionProbes"]
transform = Transform3D(0.999799, 0, -0.0200534, 0, 1, 0, 0.0200534, 0, 0.999799, -0.204299, -8.98325, 0.0613261)
size = Vector3(77.8268, 100, 74.2464)

[node name="Music" type="AudioStreamPlayer" parent="."]
stream = ExtResource("8")
autoplay = true

[node name="SoundOutside" type="Area3D" parent="."]
collision_mask = 0
audio_bus_override = true
audio_bus_name = &"Outside"

[node name="CollisionPolygon3D" type="CollisionPolygon3D" parent="SoundOutside"]
transform = Transform3D(1, 0, 0, 0, -4.37114e-08, -1, 0, 1, -4.37114e-08, 0, 0, 0)
depth = 100.0
polygon = PackedVector2Array(-75.798, 98.0935, -18.4854, 34.621, -6.1658, 39.1739, 6.95718, 39.4417, 23.0262, 32.7463, 36.9526, 17.7486, 31.5629, 13.7491, 33.7076, 6.64486, 40.9698, 3.55431, 36.417, -21.6204, 26.5078, -30.1905, 93.7297, -71.4343, 118.637, 0.608329, 70.4297, 120.322, -36.9647, 128.089)

[node name="SoundReactorRoom" type="Area3D" parent="."]
collision_mask = 0
audio_bus_override = true
audio_bus_name = &"Reactor"

[node name="CollisionShape3D" type="CollisionShape3D" parent="SoundReactorRoom"]
transform = Transform3D(1, 0, 0, 0, -4.37114e-08, 1, 0, -1, -4.37114e-08, 0, 0, 0)
shape = SubResource("1")

[node name="FlyingForklifts" type="Node3D" parent="."]

[node name="FlyingForklift1" parent="FlyingForklifts" instance=ExtResource("12")]
transform = Transform3D(1, 0, 0, 0, 1, 0, 0, 0, 1, 67.8049, 2.27771, 0)

[node name="FlyingForklift2" parent="FlyingForklifts" instance=ExtResource("12")]
transform = Transform3D(-1, 0, -1.50996e-07, 0, 1, 0, 1.50996e-07, 0, -1, -68.2496, 2.27771, 0)

[node name="AnimationPlayer" type="AnimationPlayer" parent="FlyingForklifts"]
libraries = {
"": SubResource("AnimationLibrary_35gwb")
}
autoplay = "mawaru"

[node name="Debug" type="Label" parent="."]
offset_left = 10.0
offset_top = 10.0
offset_right = 40.0
offset_bottom = 14.0
text = "FPS: 0
VSync:
Memory:"
script = ExtResource("9")

[node name="Camera3D" type="Camera3D" parent="."]
transform = Transform3D(0.671837, 0, -0.740699, 0, 1, 0, 0.740699, 0, 0.671837, -4.05309, -1.12911, 4)
current = true

[node name="LightmapProbes" type="Node3D" parent="."]

[node name="LightmapProbe" type="LightmapProbe" parent="LightmapProbes"]
transform = Transform3D(1, 0, 0, 0, 1, 0, 0, 0, 1, 62.5296, 0.471584, 76.5951)

[node name="LightmapProbe2" type="LightmapProbe" parent="LightmapProbes"]
transform = Transform3D(1, 0, 0, 0, 1, 0, 0, 0, 1, 55.6524, 0.471584, 80.586)

[node name="LightmapProbe3" type="LightmapProbe" parent="LightmapProbes"]
transform = Transform3D(1, 0, 0, 0, 1, 0, 0, 0, 1, 47.0721, 0.471585, 85.3028)

[node name="LightmapProbe4" type="LightmapProbe" parent="LightmapProbes"]
transform = Transform3D(1, 0, 0, 0, 1, 0, 0, 0, 1, 38.7611, 0.471585, 91.5065)

[node name="LightmapProbe5" type="LightmapProbe" parent="LightmapProbes"]
transform = Transform3D(1, 0, 0, 0, 1, 0, 0, 0, 1, 28.126, -1.71989, 93.7102)

[node name="LightmapProbe6" type="LightmapProbe" parent="LightmapProbes"]
transform = Transform3D(1, 0, 0, 0, 1, 0, 0, 0, 1, 26.779, -3.99063, 81.5517)

[node name="LightmapProbe7" type="LightmapProbe" parent="LightmapProbes"]
transform = Transform3D(1, 0, 0, 0, 1, 0, 0, 0, 1, 0.303036, -3.99063, 88.031)

[node name="LightmapProbe8" type="LightmapProbe" parent="LightmapProbes"]
transform = Transform3D(1, 0, 0, 0, 1, 0, 0, 0, 1, 38.3425, -3.99063, 75.6498)

[node name="LightmapProbe9" type="LightmapProbe" parent="LightmapProbes"]
transform = Transform3D(1, 0, 0, 0, 1, 0, 0, 0, 1, 46.6425, -3.99063, 69.996)

[node name="LightmapProbe10" type="LightmapProbe" parent="LightmapProbes"]
transform = Transform3D(1, 0, 0, 0, 1, 0, 0, 0, 1, 55.3363, -3.98122, 64.9444)

[node name="LightmapProbe11" type="LightmapProbe" parent="LightmapProbes"]
transform = Transform3D(1, 0, 0, 0, 1, 0, 0, 0, 1, 59.4825, -3.98122, 61.0453)

[node name="LightmapProbe12" type="LightmapProbe" parent="LightmapProbes"]
transform = Transform3D(1, 0, 0, 0, 1, 0, 0, 0, 1, 66.5419, -3.98122, 55.1641)

[node name="LightmapProbe13" type="LightmapProbe" parent="LightmapProbes"]
transform = Transform3D(1, 0, 0, 0, 1, 0, 0, 0, 1, 71.0176, -3.98122, 49.0469)

[node name="LightmapProbe14" type="LightmapProbe" parent="LightmapProbes"]
transform = Transform3D(1, 0, 0, 0, 1, 0, 0, 0, 1, 74.8073, -3.98122, 42.6597)

[node name="LightmapProbe15" type="LightmapProbe" parent="LightmapProbes"]
transform = Transform3D(1, 0, 0, 0, 1, 0, 0, 0, 1, 79.8779, -3.98122, 33.9284)

[node name="LightmapProbe16" type="LightmapProbe" parent="LightmapProbes"]
transform = Transform3D(1, 0, 0, 0, 1, 0, 0, 0, 1, 82.797, -3.98122, 27.6531)

[node name="LightmapProbe17" type="LightmapProbe" parent="LightmapProbes"]
transform = Transform3D(1, 0, 0, 0, 1, 0, 0, 0, 1, 86.1797, -3.98122, 16.2241)

[node name="LightmapProbe18" type="LightmapProbe" parent="LightmapProbes"]
transform = Transform3D(1, 0, 0, 0, 1, 0, 0, 0, 1, 75.3273, -3.98122, 23.7394)

[node name="LightmapProbe19" type="LightmapProbe" parent="LightmapProbes"]
transform = Transform3D(1, 0, 0, 0, 1, 0, 0, 0, 1, 67.785, -3.98122, 21.009)

[node name="LightmapProbe20" type="LightmapProbe" parent="LightmapProbes"]
transform = Transform3D(1, 0, 0, 0, 1, 0, 0, 0, 1, 60.8539, -3.98122, 18.9289)

[node name="LightmapProbe21" type="LightmapProbe" parent="LightmapProbes"]
transform = Transform3D(1, 0, 0, 0, 1, 0, 0, 0, 1, 53.1967, -3.98122, 16.3164)

[node name="LightmapProbe22" type="LightmapProbe" parent="LightmapProbes"]
transform = Transform3D(1, 0, 0, 0, 1, 0, 0, 0, 1, 45.6893, -3.98122, 13.8627)

[node name="LightmapProbe23" type="LightmapProbe" parent="LightmapProbes"]
transform = Transform3D(1, 0, 0, 0, 1, 0, 0, 0, 1, 36.0421, -3.98122, 11.062)

[node name="LightmapProbe24" type="LightmapProbe" parent="LightmapProbes"]
transform = Transform3D(1, 0, 0, 0, 1, 0, 0, 0, 1, 27.1032, -3.98122, 8.37205)

[node name="LightmapProbe25" type="LightmapProbe" parent="LightmapProbes"]
transform = Transform3D(1, 0, 0, 0, 1, 0, 0, 0, 1, 21.4103, -3.98122, 6.86614)

[node name="LightmapProbe26" type="LightmapProbe" parent="LightmapProbes"]
transform = Transform3D(1, 0, 0, 0, 1, 0, 0, 0, 1, -0.0878527, -2.106, -0.0146277)

[node name="LightmapProbe27" type="LightmapProbe" parent="LightmapProbes"]
transform = Transform3D(1, 0, 0, 0, 1, 0, 0, 0, 1, -0.557192, -10.2858, 20.5457)

[node name="LightmapProbe28" type="LightmapProbe" parent="LightmapProbes"]
transform = Transform3D(1, 0, 0, 0, 1, 0, 0, 0, 1, 12.0311, -10.2858, 15.1947)

[node name="LightmapProbe29" type="LightmapProbe" parent="LightmapProbes"]
transform = Transform3D(1, 0, 0, 0, 1, 0, 0, 0, 1, 17.4293, -10.2858, -8.03601)

[node name="LightmapProbe30" type="LightmapProbe" parent="LightmapProbes"]
transform = Transform3D(1, 0, 0, 0, 1, 0, 0, 0, 1, 4.47386, -10.2858, -19.8213)

[node name="LightmapProbe31" type="LightmapProbe" parent="LightmapProbes"]
transform = Transform3D(1, 0, 0, 0, 1, 0, 0, 0, 1, -11.6666, -10.2858, -15.6046)

[node name="LightmapProbe32" type="LightmapProbe" parent="LightmapProbes"]
transform = Transform3D(1, 0, 0, 0, 1, 0, 0, 0, 1, -19.3694, -10.2858, 7.23363)

[node name="GPUParticlesCollisionSDF3D" type="GPUParticlesCollisionSDF3D" parent="."]
transform = Transform3D(1, 0, 0, 0, 1, 0, 0, 0, 1, 26.1415, 0, 31.955)
size = Vector3(140, 40, 140)
resolution = 4
texture = ExtResource("11_mt3nw")

[node name="train" parent="." instance=ExtResource("34_vle8v")]

[node name="Floodlight" parent="." instance=ExtResource("13_p5e52")]
transform = Transform3D(0.269575, 0, 0.962979, 0, 1, 0, -0.962979, 0, 0.269575, 21.0219, -1.2, 94.6156)

[node name="Floodlight2" parent="." instance=ExtResource("13_p5e52")]
transform = Transform3D(-0.86681, 0, 0.498639, 0, 1, 0, -0.498639, 0, -0.86681, 23.0145, -1.2, 99.2672)

[node name="ReactorcCylinder" parent="." instance=ExtResource("50_n7xg5")]
transform = Transform3D(0.976364, 0.216133, 0, 9.44747e-09, -4.26782e-08, 1, 0.216133, -0.976364, -4.37114e-08, 2.68512, 1.12102, 100.389)

[node name="ReactorcCylinder2" parent="." instance=ExtResource("50_n7xg5")]
transform = Transform3D(0.981494, -0.191494, 0, -8.37048e-09, -4.29025e-08, 1, -0.191494, -0.981494, -4.37114e-08, 4.92188, 1.12102, 100.389)

[node name="Container3" parent="." instance=ExtResource("17_85f2m")]
transform = Transform3D(0.050959, 0, -0.998701, 0, 1, 0, 0.998701, 0, 0.050959, 10.7785, -1.2, 100.544)

[node name="Barrier" parent="." instance=ExtResource("15_0yd4o")]
transform = Transform3D(0.978329, 0, -0.207058, 0, 1, 0, 0.207058, 0, 0.978329, 88.1273, -6.4, 19.5248)

[node name="Barrier2" parent="." instance=ExtResource("15_0yd4o")]
transform = Transform3D(-0.0318818, 0, 0.999492, 0, 1, 0, -0.999492, 0, -0.0318818, 30.3255, -6.4, 85.3888)

[node name="Barrier3" parent="." instance=ExtResource("15_0yd4o")]
transform = Transform3D(0.603959, 0, 0.797015, 0, 1, 0, -0.797015, 0, 0.603959, 31.8374, -6.4, 81.3875)

[node name="Barrier4" parent="." instance=ExtResource("15_0yd4o")]
transform = Transform3D(0.917928, 0, 0.396747, 0, 1, 0, -0.396747, 0, 0.917928, 35.9023, -6.4, 78.7177)

[node name="Tripodlight" parent="." instance=ExtResource("11_2tqoo")]
transform = Transform3D(1, 0, 0, 0, 1, 0, 0, 0, 1, 17.7949, -6.4, 85.5812)

[node name="scifi_car" parent="." instance=ExtResource("39_pn0ng")]
transform = Transform3D(0.521873, 0, -0.853023, 0, 1, 0, 0.853023, 0, 0.521873, 43.2923, -6.26781, 76.3496)

[node name="scifi_car2" parent="." instance=ExtResource("39_pn0ng")]
transform = Transform3D(-0.131391, 0, 0.991331, 0, 1, 0, -0.991331, 0, -0.131391, 7.09309, -6.4, 90.8539)

[node name="Floodlight3" parent="." instance=ExtResource("13_p5e52")]
transform = Transform3D(0.714851, 0, 0.699277, 0, 1, 0, -0.699277, 0, 0.714851, 26.0971, -6.4, 77.6987)

[node name="Floodlight4" parent="." instance=ExtResource("13_p5e52")]
transform = Transform3D(0.785555, 0, 0.618792, 0, 1, 0, -0.618792, 0, 0.785555, 7.25791, -6.4, 80.9946)

[editable path="Props/Container4"]
[editable path="Lights"]
